Summ = 2.000000 2.000000 2.000000 
Subb = 0.000000 0.000000 0.000000 
Mult = 3.000000
