Summ = 3.000000 3.000000 3.000000 
Subb = -1.000000 -1.000000 -1.000000 
Mult = 6.000000
